2026 07 06 20 24 28 0.70
2026 07 06 20 25 53 0.67
2026 07 06 20 27 22 0.63
2026 07 06 20 28 51 0.76
2026 07 06 20 30 18 0.77
2026 07 06 20 31 43 0.64
2026 07 06 20 33 12 0.68
2026 07 06 20 34 39 0.83
2026 07 06 20 36 07 0.76
2026 07 06 20 37 35 0.73
2026 07 06 20 39 05 0.75
2026 07 06 20 40 33 0.66
2026 07 06 20 42 03 0.88
2026 07 06 20 43 32 0.79
2026 07 06 20 45 44 0.79
2026 07 06 20 48 43 0.77
2026 07 06 20 50 39 0.84
2026 07 06 20 52 46 0.83
2026 07 06 20 54 21 0.81
2026 07 06 20 55 59 0.86
2026 07 06 20 57 31 0.82
2026 07 06 20 59 05 0.72
2026 07 06 21 00 38 0.69
2026 07 06 21 02 15 0.82
2026 07 06 21 04 09 0.69
2026 07 06 21 06 16 0.76
2026 07 06 21 07 54 0.63
2026 07 06 21 09 32 0.62
2026 07 06 21 11 10 0.59
2026 07 06 21 12 51 0.61
2026 07 06 21 14 31 0.65
2026 07 06 21 17 56 0.75
2026 07 06 21 19 41 0.66
2026 07 06 21 21 21 0.82
2026 07 06 21 26 06 1.06
2026 07 06 21 27 49 0.95
2026 07 06 21 29 33 0.74
2026 07 06 21 31 18 0.75
2026 07 06 21 32 59 0.79
2026 07 06 21 34 45 0.79
2026 07 06 21 36 31 0.78
2026 07 06 21 38 16 0.68
2026 07 06 21 40 04 0.70
2026 07 06 21 41 49 0.71
2026 07 06 21 43 37 0.64
2026 07 06 21 45 27 0.73
2026 07 06 21 47 19 0.69
2026 07 06 21 49 06 0.71
2026 07 06 21 50 54 0.85
2026 07 06 21 52 45 0.79
2026 07 06 21 54 37 0.67
2026 07 06 21 56 29 0.84
2026 07 06 21 58 23 0.69
2026 07 06 22 04 37 0.66
2026 07 06 22 06 25 0.68
2026 07 06 22 07 46 0.66
2026 07 06 22 09 10 0.75
2026 07 06 22 10 32 0.65
2026 07 06 22 11 56 0.62
2026 07 06 22 13 19 0.63
2026 07 06 22 14 46 0.74
2026 07 06 22 16 12 0.68
2026 07 06 22 17 38 0.67
2026 07 06 22 19 06 0.66
2026 07 06 22 20 34 0.66
2026 07 06 22 22 01 0.66
2026 07 06 22 23 28 0.68
2026 07 06 22 24 56 0.62
2026 07 06 22 26 27 0.63
2026 07 06 22 27 54 0.65
2026 07 06 22 29 24 0.75
2026 07 06 22 30 52 0.82
2026 07 06 22 32 23 0.77
2026 07 06 22 33 55 0.78
2026 07 06 22 35 24 0.74
2026 07 06 22 36 57 0.88
2026 07 06 22 38 30 0.82
2026 07 06 22 40 02 0.80
2026 07 06 22 41 36 0.75
2026 07 06 22 43 10 0.77
2026 07 06 22 44 43 0.70
2026 07 06 22 46 21 0.63
2026 07 06 22 47 55 0.76
2026 07 06 22 49 36 0.82
2026 07 06 22 51 11 0.73
2026 07 06 22 52 52 0.66
2026 07 06 22 54 29 0.72
2026 07 06 22 56 06 0.67
2026 07 06 22 57 41 0.77
2026 07 06 22 59 20 0.75
2026 07 06 23 01 00 0.64
2026 07 06 23 02 40 0.65
2026 07 06 23 04 20 0.69
2026 07 06 23 05 59 0.64
2026 07 06 23 07 40 0.71
2026 07 06 23 09 19 0.65
2026 07 06 23 11 02 0.63
2026 07 06 23 12 43 0.57
2026 07 06 23 14 27 0.65
2026 07 06 23 16 08 0.67
2026 07 06 23 17 53 0.68
2026 07 06 23 19 37 0.79
2026 07 06 23 21 22 0.71
2026 07 06 23 23 07 0.81
2026 07 06 23 24 52 0.79
2026 07 06 23 26 38 0.80
2026 07 06 23 28 22 0.63
2026 07 06 23 30 10 0.91
2026 07 06 23 31 59 0.60
2026 07 06 23 33 47 0.58
2026 07 06 23 35 35 0.83
2026 07 06 23 37 23 0.86
2026 07 06 23 39 13 0.80
2026 07 06 23 41 04 0.83
2026 07 06 23 42 53 0.84
2026 07 06 23 44 51 0.87
2026 07 06 23 46 41 0.72
2026 07 06 23 48 31 0.92
2026 07 06 23 50 26 0.72
2026 07 06 23 52 18 0.87
2026 07 06 23 54 13 0.78
2026 07 06 23 56 05 0.79
2026 07 06 23 57 59 0.99
2026 07 06 23 59 53 0.93
2026 07 07 00 01 20 0.72
2026 07 07 00 02 42 0.65
2026 07 07 00 04 04 0.69
2026 07 07 00 05 31 0.74
2026 07 07 00 10 25 0.76
2026 07 07 00 11 52 0.54
2026 07 07 00 13 20 0.70
2026 07 07 00 14 47 0.62
2026 07 07 00 16 15 0.53
2026 07 07 00 17 43 0.59
2026 07 07 00 19 12 0.64
2026 07 07 00 20 41 0.56
2026 07 07 00 22 10 0.59
2026 07 07 00 23 40 0.62
2026 07 07 00 26 51 0.59
2026 07 07 00 28 24 0.56
2026 07 07 00 30 00 0.55
2026 07 07 00 31 34 0.68
2026 07 07 00 33 19 0.58
2026 07 07 00 34 54 0.57
2026 07 07 00 36 29 0.49
2026 07 07 00 38 04 0.51
2026 07 07 00 39 42 0.52
2026 07 07 00 41 21 0.61
2026 07 07 00 42 56 0.54
2026 07 07 00 44 32 0.60
2026 07 07 00 46 10 0.54
2026 07 07 00 47 46 0.53
2026 07 07 00 49 28 0.57
2026 07 07 00 51 06 0.78
2026 07 07 00 52 53 0.76
2026 07 07 00 54 33 0.65
2026 07 07 00 56 12 0.74
2026 07 07 00 57 51 0.74
2026 07 07 00 59 30 0.63
2026 07 07 01 01 11 0.80
2026 07 07 01 02 51 0.69
2026 07 07 01 04 33 0.67
2026 07 07 01 06 15 0.76
2026 07 07 01 07 55 0.82
2026 07 07 01 09 35 0.64
2026 07 07 01 11 21 0.79
2026 07 07 01 13 02 0.75
2026 07 07 01 14 47 0.69
2026 07 07 01 16 30 0.72
2026 07 07 01 18 15 0.62
2026 07 07 01 21 44 0.66
2026 07 07 01 23 28 0.75
2026 07 07 01 25 15 0.78
2026 07 07 01 27 04 0.85
2026 07 07 01 28 51 0.83
2026 07 07 01 30 40 0.73
2026 07 07 01 32 26 0.63
2026 07 07 01 34 18 0.63
2026 07 07 01 36 10 0.57
2026 07 07 01 39 49 0.48
2026 07 07 01 41 40 0.43
2026 07 07 01 43 31 0.42
2026 07 07 01 45 22 0.44
2026 07 07 01 47 12 0.43
2026 07 07 01 49 06 0.42
2026 07 07 01 50 58 0.44
2026 07 07 01 52 53 0.49
2026 07 07 01 54 48 0.74
2026 07 07 01 56 35 0.57
2026 07 07 01 57 58 0.64
2026 07 07 01 59 23 0.58
2026 07 07 02 00 45 0.47
2026 07 07 02 02 10 0.43
2026 07 07 02 03 33 0.43
2026 07 07 02 05 00 0.44
2026 07 07 02 06 29 0.43
2026 07 07 02 07 57 0.38
2026 07 07 02 09 24 0.39
2026 07 07 02 10 51 0.44
2026 07 07 02 12 32 0.43
2026 07 07 02 15 29 0.50
2026 07 07 02 16 57 0.48
2026 07 07 02 18 27 0.49
2026 07 07 02 19 56 0.52
2026 07 07 02 24 48 0.51
2026 07 07 02 26 23 0.47
2026 07 07 02 27 58 0.53
2026 07 07 02 29 33 0.60
2026 07 07 02 31 08 1.00
2026 07 07 02 32 43 0.53
2026 07 07 02 34 19 0.49
2026 07 07 02 35 53 0.43
2026 07 07 02 37 31 0.46
2026 07 07 02 40 42 0.40
2026 07 07 02 42 20 0.52
2026 07 07 02 43 56 0.46
2026 07 07 02 45 33 0.42
2026 07 07 02 47 13 0.69
2026 07 07 02 48 52 0.60
2026 07 07 02 50 32 0.60
2026 07 07 02 50 32 0.71
2026 07 07 02 52 11 0.59
2026 07 07 02 53 50 0.62
2026 07 07 02 55 30 0.65
2026 07 07 02 57 11 0.54
2026 07 07 02 58 55 0.57
2026 07 07 03 00 36 0.67
2026 07 07 03 02 21 0.56
2026 07 07 03 04 04 0.57
2026 07 07 03 05 48 0.56
2026 07 07 03 07 32 0.52
2026 07 07 03 09 17 0.45
2026 07 07 03 11 03 0.49
2026 07 07 03 12 50 0.61
2026 07 07 03 14 36 0.37
2026 07 07 03 16 22 0.45
2026 07 07 03 19 53 0.31
2026 07 07 03 21 41 0.39
2026 07 07 03 23 28 0.37
2026 07 07 03 25 19 0.38
2026 07 07 03 27 08 0.36
2026 07 07 03 29 02 0.46
2026 07 07 03 30 52 0.53
2026 07 07 03 32 44 0.53
2026 07 07 03 34 35 0.45
2026 07 07 03 36 27 0.42
2026 07 07 03 38 18 0.46
2026 07 07 03 40 10 0.43
2026 07 07 03 42 03 0.72
2026 07 07 03 43 55 0.63
2026 07 07 03 45 50 0.60
2026 07 07 03 47 46 0.62
2026 07 07 03 49 42 0.46
2026 07 07 03 51 37 0.42
2026 07 07 03 53 21 0.59
2026 07 07 03 54 44 0.72
2026 07 07 03 56 10 0.73
2026 07 07 03 57 37 0.46
2026 07 07 03 59 00 0.43
2026 07 07 04 00 27 0.43
2026 07 07 04 01 50 0.42
2026 07 07 04 03 18 0.46
2026 07 07 04 04 45 0.50
2026 07 07 04 06 10 0.45
2026 07 07 04 07 38 0.49
2026 07 07 04 09 03 0.46
2026 07 07 04 10 31 0.53
2026 07 07 04 11 57 0.49
2026 07 07 04 13 26 0.45
2026 07 07 04 14 52 0.53
2026 07 07 04 16 22 0.55
2026 07 07 04 17 51 0.56
2026 07 07 04 19 19 0.51
2026 07 07 04 20 48 0.43
2026 07 07 04 22 15 0.51
2026 07 07 04 23 43 0.49
2026 07 07 04 25 13 0.42
2026 07 07 04 26 42 0.46
2026 07 07 04 28 11 0.45
2026 07 07 04 29 43 0.52
2026 07 07 04 31 16 0.47
2026 07 07 04 32 48 0.60
2026 07 07 04 34 22 0.46
2026 07 07 04 35 55 0.45
2026 07 07 04 37 29 0.48
2026 07 07 04 39 02 0.54
2026 07 07 04 40 36 0.56
2026 07 07 04 43 43 0.51
2026 07 07 04 46 52 0.46
2026 07 07 04 48 26 0.54
2026 07 07 04 50 01 0.54
2026 07 07 04 51 37 0.45
2026 07 07 04 53 12 0.52
2026 07 07 04 54 47 0.48
2026 07 07 04 56 23 0.46
