2026 05 24 20 36 31 0.59
2026 05 24 20 38 08 0.55
2026 05 24 20 39 44 0.44
2026 05 24 20 41 20 0.50
2026 05 24 20 42 58 0.38
2026 05 24 20 44 36 0.38
2026 05 24 20 46 14 0.35
2026 05 24 20 49 32 0.59
2026 05 24 20 52 49 0.41
2026 05 24 20 54 29 0.37
2026 05 24 21 00 54 0.46
2026 05 24 21 02 34 0.61
2026 05 24 21 04 14 0.59
2026 05 24 21 05 53 0.49
2026 05 24 21 07 33 0.54
2026 05 24 21 09 15 0.58
2026 05 24 21 10 56 0.67
2026 05 24 21 12 40 0.59
2026 05 24 21 14 24 0.84
2026 05 24 21 17 50 0.96
2026 05 24 21 19 33 1.04
2026 05 24 21 21 19 1.08
2026 05 24 21 23 03 0.88
2026 05 24 21 24 46 0.99
2026 05 24 21 26 31 0.83
2026 05 24 21 28 17 0.83
2026 05 24 21 31 50 0.89
2026 05 24 21 33 38 1.19
2026 05 24 21 35 26 1.59
2026 05 24 21 37 14 1.35
2026 05 24 21 39 03 1.15
2026 05 24 21 40 53 0.92
2026 05 24 21 42 43 0.95
2026 05 24 21 44 32 0.95
2026 05 24 21 44 32 0.96
2026 05 24 21 46 22 0.77
2026 05 24 21 56 53 0.76
2026 05 24 21 59 40 1.08
2026 05 24 22 01 02 0.93
2026 05 24 22 02 29 0.86
2026 05 24 22 03 53 0.60
2026 05 24 22 05 19 0.49
2026 05 24 22 06 46 0.58
2026 05 24 22 08 14 0.53
2026 05 24 22 17 51 0.34
2026 05 24 22 27 48 0.24
2026 05 24 22 29 22 0.24
2026 05 24 22 30 55 0.27
2026 05 24 22 32 30 0.25
2026 05 24 22 35 40 0.21
2026 05 24 22 37 14 0.22
2026 05 24 22 38 52 0.19
2026 05 24 22 40 27 0.19
2026 05 24 22 42 04 0.19
2026 05 24 22 43 42 0.21
2026 05 24 22 45 19 0.19
2026 05 24 22 46 56 0.21
2026 05 24 22 48 36 0.23
2026 05 24 22 50 17 0.24
2026 05 24 22 51 55 0.20
2026 05 24 22 53 34 0.23
2026 05 24 22 55 14 0.25
2026 05 24 22 56 54 0.23
2026 05 24 22 58 35 0.20
2026 05 24 23 00 17 0.20
2026 05 24 23 02 04 0.18
2026 05 24 23 03 46 0.20
2026 05 24 23 05 27 0.20
2026 05 24 23 07 10 0.20
2026 05 24 23 10 41 0.27
2026 05 24 23 12 25 0.20
2026 05 24 23 14 09 0.25
2026 05 24 23 15 55 0.20
2026 05 24 23 17 41 0.20
2026 05 24 23 19 25 0.23
2026 05 24 23 21 11 0.20
2026 05 24 23 24 46 0.25
2026 05 24 23 26 37 0.43
2026 05 24 23 28 30 0.75
2026 05 24 23 30 21 0.47
2026 05 24 23 32 14 0.49
2026 05 24 23 34 05 0.59
2026 05 24 23 35 55 0.51
2026 05 24 23 37 45 0.39
2026 05 24 23 39 36 0.43
2026 05 24 23 41 26 0.40
2026 05 24 23 43 18 0.41
2026 05 24 23 45 10 0.39
2026 05 24 23 47 04 0.42
2026 05 24 23 48 36 0.44
2026 05 24 23 49 58 0.46
2026 05 24 23 52 41 0.38
2026 05 24 23 54 04 0.51
2026 05 24 23 55 28 0.40
2026 05 24 23 56 56 0.37
2026 05 24 23 59 51 0.40
2026 05 25 00 02 49 0.41
2026 05 25 00 04 14 0.41
2026 05 25 00 05 42 0.41
2026 05 25 00 07 11 0.40
2026 05 25 00 08 38 0.39
2026 05 25 00 14 35 0.46
2026 05 25 00 16 27 0.51
2026 05 25 00 19 41 0.61
2026 05 25 00 21 16 0.60
2026 05 25 00 22 51 0.69
2026 05 25 00 24 33 1.02
2026 05 25 00 26 10 0.56
2026 05 25 00 27 44 0.45
2026 05 25 00 29 43 0.44
2026 05 25 00 31 19 0.51
2026 05 25 00 34 50 0.51
2026 05 25 00 34 50 0.33
2026 05 25 00 36 27 0.48
2026 05 25 00 39 42 0.68
2026 05 25 00 41 20 1.26
2026 05 25 00 44 38 1.80
2026 05 25 00 46 17 1.70
2026 05 25 00 49 42 2.59
2026 05 25 00 51 24 1.67
2026 05 25 00 53 06 2.43
2026 05 25 00 54 47 2.43
2026 05 25 00 56 29 2.14
2026 05 25 00 59 54 2.77
2026 05 25 01 01 37 2.76
2026 05 25 01 03 21 2.66
2026 05 25 01 05 07 2.66
2026 05 25 01 06 51 2.44
2026 05 25 01 08 36 1.89
2026 05 25 01 10 25 1.66
2026 05 25 01 12 11 1.67
2026 05 25 01 13 58 1.19
2026 05 25 01 15 48 1.21
2026 05 25 01 17 37 1.09
2026 05 25 01 19 30 0.80
2026 05 25 01 21 20 0.77
2026 05 25 01 23 09 0.84
2026 05 25 01 25 01 0.91
2026 05 25 01 26 52 0.75
2026 05 25 01 28 45 0.83
2026 05 25 01 30 35 0.63
2026 05 25 01 32 26 0.60
2026 05 25 01 34 17 0.79
2026 05 25 01 36 09 0.84
2026 05 25 01 38 01 0.76
2026 05 25 01 39 53 0.86
2026 05 25 01 41 51 0.77
2026 05 25 01 43 47 0.89
2026 05 25 01 45 18 1.13
2026 05 25 01 46 40 0.85
2026 05 25 01 49 28 0.74
2026 05 25 01 52 17 1.02
2026 05 25 01 53 42 1.06
2026 05 25 01 55 08 1.17
2026 05 25 01 56 37 1.23
2026 05 25 01 58 07 1.06
2026 05 25 01 59 36 0.85
2026 05 25 02 01 06 0.74
2026 05 25 02 02 34 0.91
2026 05 25 02 05 32 0.87
2026 05 25 02 07 03 0.92
2026 05 25 02 08 33 0.88
2026 05 25 02 10 03 0.71
2026 05 25 02 11 38 0.72
2026 05 25 02 13 11 0.57
2026 05 25 02 14 44 0.53
2026 05 25 02 16 17 0.45
2026 05 25 02 17 51 0.40
2026 05 25 02 19 27 0.39
2026 05 25 02 21 04 0.39
2026 05 25 02 22 38 0.43
2026 05 25 02 24 13 0.28
2026 05 25 02 25 49 0.33
2026 05 25 02 27 26 0.37
2026 05 25 02 29 04 0.36
2026 05 25 02 30 41 0.29
2026 05 25 02 32 17 0.35
2026 05 25 02 33 54 0.30
2026 05 25 02 35 29 0.38
2026 05 25 02 37 10 0.35
2026 05 25 02 38 52 0.26
2026 05 25 02 40 31 0.38
2026 05 25 02 42 11 0.27
2026 05 25 02 43 49 0.31
2026 05 25 02 45 31 0.35
2026 05 25 02 47 13 0.37
2026 05 25 02 48 56 0.33
2026 05 25 02 50 39 0.23
2026 05 25 02 52 21 0.19
2026 05 25 02 54 06 0.30
2026 05 25 03 01 34 0.26
2026 05 25 03 03 19 0.29
2026 05 25 03 05 05 0.23
2026 05 25 03 06 54 0.25
2026 05 25 03 08 41 0.23
2026 05 25 03 10 29 0.24
2026 05 25 03 12 18 0.23
2026 05 25 03 14 08 0.25
2026 05 25 03 15 57 0.22
2026 05 25 03 17 47 0.23
2026 05 25 03 19 35 0.24
2026 05 25 03 21 26 0.23
2026 05 25 03 23 19 0.27
2026 05 25 03 25 15 0.26
2026 05 25 03 27 10 0.28
2026 05 25 03 29 02 0.28
2026 05 25 03 30 56 0.37
2026 05 25 03 32 49 0.30
2026 05 25 03 34 45 0.27
2026 05 25 03 36 43 0.31
2026 05 25 03 38 44 0.27
2026 05 25 03 40 32 0.34
2026 05 25 03 41 56 0.35
2026 05 25 03 43 23 0.55
2026 05 25 03 44 46 0.43
2026 05 25 03 46 14 0.52
2026 05 25 03 47 39 0.39
2026 05 25 03 49 07 0.44
2026 05 25 03 50 35 0.52
