2026 05 24 19 59 21 0.73
2026 05 24 20 00 46 0.74
2026 05 24 20 02 09 0.75
2026 05 24 20 03 29 0.91
2026 05 24 20 04 52 0.85
2026 05 24 20 06 15 0.83
2026 05 24 20 07 41 0.78
2026 05 24 20 09 04 0.72
2026 05 24 20 10 28 0.87
2026 05 24 20 11 52 0.68
2026 05 24 20 13 17 0.85
2026 05 24 20 14 42 0.69
2026 05 24 20 17 33 0.91
2026 05 24 20 19 03 1.00
2026 05 24 20 20 30 0.88
2026 05 24 20 23 22 0.73
2026 05 24 20 24 48 0.70
2026 05 24 20 27 44 0.82
2026 05 24 20 29 10 0.82
2026 05 24 20 30 39 0.78
2026 05 24 20 32 52 0.71
2026 05 24 20 34 24 0.71
2026 05 24 20 35 57 0.80
2026 05 24 20 37 32 0.72
2026 05 24 20 39 09 0.68
2026 05 24 20 40 45 0.75
2026 05 24 20 42 20 0.68
2026 05 24 20 43 59 0.69
2026 05 24 20 45 37 0.61
2026 05 24 20 47 15 0.74
2026 05 24 20 48 55 0.85
2026 05 24 20 50 33 0.59
2026 05 24 20 52 12 0.61
2026 05 24 20 53 51 0.72
2026 05 24 20 55 31 0.91
2026 05 24 21 00 15 0.76
2026 05 24 21 01 54 0.59
2026 05 24 21 03 35 0.57
2026 05 24 21 05 14 0.55
2026 05 24 21 06 54 0.56
2026 05 24 21 08 34 0.66
2026 05 24 21 10 17 0.57
2026 05 24 21 13 42 0.66
2026 05 24 21 15 26 0.70
2026 05 24 21 17 07 0.69
2026 05 24 21 18 52 0.76
2026 05 24 21 20 35 0.86
2026 05 24 21 22 21 0.65
2026 05 24 21 24 04 0.68
2026 05 24 21 25 48 0.64
2026 05 24 21 27 33 0.61
2026 05 24 21 29 18 0.57
2026 05 24 21 31 06 0.64
2026 05 24 21 32 53 0.77
2026 05 24 21 34 41 0.94
2026 05 24 21 36 28 0.96
2026 05 24 21 38 16 0.77
2026 05 24 21 40 06 0.65
2026 05 24 21 41 55 0.69
2026 05 24 21 43 45 0.66
2026 05 24 21 45 35 0.56
2026 05 24 21 47 24 0.62
2026 05 24 21 49 14 0.54
2026 05 24 21 51 06 0.56
2026 05 24 21 53 16 0.52
2026 05 24 21 55 10 0.59
2026 05 24 21 56 32 0.57
2026 05 24 21 57 53 0.59
2026 05 24 21 59 18 0.75
2026 05 24 22 00 40 0.67
2026 05 24 22 03 28 0.61
2026 05 24 22 04 54 0.51
2026 05 24 22 06 19 0.53
2026 05 24 22 07 47 0.48
2026 05 24 22 09 14 0.50
2026 05 24 22 10 42 0.44
2026 05 24 22 12 09 0.40
2026 05 24 22 13 55 0.46
2026 05 24 22 15 55 0.51
2026 05 24 22 17 23 0.48
2026 05 24 22 18 52 0.42
2026 05 24 22 20 25 0.40
2026 05 24 22 21 56 0.39
2026 05 24 22 23 42 0.42
2026 05 24 22 25 42 0.40
2026 05 24 22 28 49 0.43
2026 05 24 22 30 23 0.46
2026 05 24 22 31 56 0.42
2026 05 24 22 33 30 0.40
2026 05 24 22 35 07 0.39
2026 05 24 22 36 40 0.41
2026 05 24 22 38 15 0.40
2026 05 24 22 39 54 0.42
2026 05 24 22 41 28 0.43
2026 05 24 22 44 43 0.46
2026 05 24 22 46 22 0.47
2026 05 24 22 49 38 0.57
2026 05 24 22 51 17 0.38
2026 05 24 22 52 56 0.46
2026 05 24 22 54 36 0.40
2026 05 24 22 56 16 0.39
2026 05 24 22 57 55 0.36
2026 05 24 22 59 36 0.37
2026 05 24 23 01 19 0.41
2026 05 24 23 03 06 0.41
2026 05 24 23 04 48 0.44
2026 05 24 23 06 28 0.44
2026 05 24 23 08 12 0.43
2026 05 24 23 09 56 0.52
2026 05 24 23 11 42 0.43
2026 05 24 23 13 26 0.52
2026 05 24 23 15 11 0.44
2026 05 24 23 16 57 0.41
2026 05 24 23 18 43 0.54
2026 05 24 23 20 27 0.44
2026 05 24 23 22 13 0.47
2026 05 24 23 24 01 0.42
2026 05 24 23 25 48 0.53
2026 05 24 23 27 40 0.68
2026 05 24 23 29 32 0.50
2026 05 24 23 31 24 0.50
2026 05 24 23 33 16 0.53
2026 05 24 23 35 06 0.54
2026 05 24 23 38 48 0.49
2026 05 24 23 40 38 0.48
2026 05 24 23 42 28 0.47
2026 05 24 23 44 20 0.55
2026 05 24 23 46 12 0.52
2026 05 24 23 48 07 0.56
2026 05 24 23 49 35 0.58
2026 05 24 23 50 57 0.65
2026 05 24 23 52 19 0.58
2026 05 24 23 53 41 0.65
2026 05 24 23 55 03 0.61
2026 05 24 23 56 30 0.67
2026 05 24 23 59 26 0.59
2026 05 25 00 00 53 0.62
2026 05 25 00 02 21 0.63
2026 05 25 00 03 48 0.60
2026 05 25 00 05 15 0.63
2026 05 25 00 06 43 0.60
2026 05 25 00 09 39 0.57
2026 05 25 00 14 02 0.72
2026 05 25 00 15 37 0.68
2026 05 25 00 17 29 0.56
2026 05 25 00 19 01 0.63
2026 05 25 00 20 43 0.67
2026 05 25 00 22 17 0.66
2026 05 25 00 25 34 0.68
2026 05 25 00 27 12 0.74
2026 05 25 00 28 46 0.60
2026 05 25 00 30 45 0.59
2026 05 25 00 32 22 0.58
2026 05 25 00 33 59 0.54
2026 05 25 00 35 52 0.60
2026 05 25 00 37 28 0.57
2026 05 25 00 39 05 0.68
2026 05 25 00 40 44 0.88
2026 05 25 00 42 23 1.10
2026 05 25 00 44 01 1.17
2026 05 25 00 45 39 1.16
2026 05 25 00 47 19 1.34
2026 05 25 00 48 59 1.74
2026 05 25 00 50 44 1.16
2026 05 25 00 52 25 1.33
2026 05 25 00 55 48 1.30
2026 05 25 00 57 31 1.50
2026 05 25 00 59 14 1.65
2026 05 25 01 00 55 1.58
2026 05 25 01 02 39 1.62
2026 05 25 01 04 24 1.62
2026 05 25 01 07 53 1.17
2026 05 25 01 09 38 1.06
2026 05 25 01 11 27 1.03
2026 05 25 01 13 14 0.89
2026 05 25 01 15 02 0.91
2026 05 25 01 18 40 0.71
2026 05 25 01 20 33 0.71
2026 05 25 01 22 24 0.75
2026 05 25 01 24 13 0.79
2026 05 25 01 26 04 0.79
2026 05 25 01 29 49 0.71
2026 05 25 01 31 38 0.63
2026 05 25 01 33 28 0.73
2026 05 25 01 35 19 0.70
2026 05 25 01 37 13 0.79
2026 05 25 01 39 03 0.72
2026 05 25 01 40 57 0.69
2026 05 25 01 42 55 0.77
2026 05 25 01 44 51 0.82
2026 05 25 01 46 17 0.80
2026 05 25 01 47 41 0.73
2026 05 25 01 49 04 0.72
2026 05 25 01 50 29 0.72
2026 05 25 01 51 51 0.78
2026 05 25 01 53 18 0.81
2026 05 25 01 54 43 0.84
2026 05 25 01 57 39 0.79
2026 05 25 01 59 07 0.71
2026 05 25 02 00 36 0.64
2026 05 25 02 03 35 0.76
2026 05 25 02 05 03 0.70
2026 05 25 02 06 34 0.65
2026 05 25 02 09 34 0.62
2026 05 25 02 11 05 0.62
2026 05 25 02 12 40 0.64
2026 05 25 02 14 12 0.53
2026 05 25 02 15 45 0.59
2026 05 25 02 17 18 0.54
2026 05 25 02 18 53 0.48
2026 05 25 02 20 28 0.50
2026 05 25 02 23 40 0.46
2026 05 25 02 25 15 0.45
2026 05 25 02 26 52 0.47
2026 05 25 02 28 29 0.53
2026 05 25 02 30 06 0.44
2026 05 25 02 31 43 0.47
2026 05 25 02 34 55 0.48
2026 05 25 02 36 32 0.49
2026 05 25 02 38 13 0.49
2026 05 25 02 39 54 0.49
2026 05 25 02 41 33 0.46
2026 05 25 02 44 51 0.42
2026 05 25 02 46 32 0.56
2026 05 25 02 48 16 0.45
2026 05 25 02 49 57 0.40
2026 05 25 02 51 41 0.42
2026 05 25 02 53 24 0.42
2026 05 25 02 53 24 0.43
2026 05 25 02 55 08 0.38
2026 05 25 03 00 49 0.40
2026 05 25 03 02 36 0.47
2026 05 25 03 04 21 0.44
2026 05 25 03 06 06 0.48
2026 05 25 03 09 44 0.51
2026 05 25 03 11 31 0.51
2026 05 25 03 13 22 0.59
2026 05 25 03 15 11 0.50
2026 05 25 03 17 01 0.42
2026 05 25 03 18 49 0.42
2026 05 25 03 18 49 0.50
2026 05 25 03 20 40 0.68
2026 05 25 03 22 29 0.55
2026 05 25 03 24 22 0.45
2026 05 25 03 26 18 0.45
2026 05 25 03 28 13 0.53
2026 05 25 03 30 05 0.58
2026 05 25 03 31 59 0.63
2026 05 25 03 35 48 0.65
2026 05 25 03 37 47 0.53
2026 05 25 03 39 48 0.68
2026 05 25 03 41 33 0.71
2026 05 25 03 44 23 0.80
2026 05 25 03 45 48 0.88
2026 05 25 03 47 14 0.67
2026 05 25 03 48 41 0.83
2026 05 25 03 50 08 0.71
2026 05 25 03 51 37 0.86
2026 05 25 03 53 11 0.71
2026 05 25 03 54 38 0.66
2026 05 25 03 56 05 0.67
2026 05 25 03 57 33 0.62
2026 05 25 03 59 01 0.70
2026 05 25 04 00 28 0.63
2026 05 25 04 01 55 0.58
2026 05 25 04 03 26 0.61
2026 05 25 04 04 53 0.77
2026 05 25 04 06 21 0.75
2026 05 25 04 07 49 0.94
2026 05 25 04 09 16 0.76
2026 05 25 04 10 45 0.88
2026 05 25 04 12 15 0.84
2026 05 25 04 13 44 0.68
2026 05 25 04 15 15 0.65
2026 05 25 04 16 47 0.66
2026 05 25 04 19 48 0.68
2026 05 25 04 21 21 0.77
2026 05 25 04 22 55 0.79
2026 05 25 04 24 29 0.82
2026 05 25 04 26 02 0.74
2026 05 25 04 27 36 0.85
2026 05 25 04 29 12 0.77
2026 05 25 04 30 45 0.71
2026 05 25 04 33 53 0.73
2026 05 25 04 35 26 0.73
2026 05 25 04 37 01 0.80
2026 05 25 04 38 38 0.78
2026 05 25 04 41 48 0.64
2026 05 25 04 43 23 0.68
2026 05 25 04 44 59 0.65
2026 05 25 04 46 36 0.66
2026 05 25 04 48 14 0.97
2026 05 25 04 49 51 0.70
2026 05 25 04 51 29 1.08
